430 487 625 350 330 650 352 582 625 785
330 350 405 335 330 695 680 380 445 680
330 330 465 335 330 360 307 487 420 330
307 330 307 420 472 340 330 542 375 542
307 307 352 307 472 340 555 307 330 307
307 307 307 222 542 330 542 307 307 307
222 307 472 307 555 555 222 290 330 472
222 222 522 460 522 307 290 335 335 472
222 222 460 307 252 365 307 290 460 472
222 222 522 522 307 365 290 222 222 460
222 222 222 307 222 472 472 522 252 222
222 222 460 222 290 335 365 335 307 290
222 222 522 222 222 472 307 365 290 222
222 222 522 457 290 335 472 222 460 222
222 222 222 472 290 222 222 472 307 252
222 222 222 222 457 307 335 365 252 365
222 222 457 307 457 335 460 252 290 522
222 222 222 222 460 252 222 222 365 460
222 222 472 222 307 222 365 460 472 290
222 222 365 472 222 457 460 335 457 222
222 222 222 335 252 252 307 222 335 222
222 222 365 252 472 252 290 472 472 307
222 222 335 222 222 522 460 222 460 472
222 222 365 460 472 460 365 222 222 290
222 222 307 222 290 290 222 472 522 522
222 222 222 457 307 522 460 522 252 457
222 222 222 335 365 472 457 222 522 365
222 222 335 335 472 472 365 460 522 222
222 222 290 222 222 222 472 307 522 252
222 222 222 290 365 222 522 522 457 472
222 222 472 252 222 472 335 222 307 365
222 222 365 222 472 252 472 252 290 457
222 222 290 307 222 222 460 222 222 365
222 222 307 460 252 472 252 460 335 460
222 222 472 307 460 460 222 222 307 222
222 222 222 460 222 457 307 472 307 460
222 222 460 457 222 307 252 472 222 335
222 222 460 472 472 472 472 522 307 522
222 222 457 307 290 290 457 457 222 307
222 222 290 222 252 472 290 365 252 457
222 222 222 365 290 472 222 222 472 472
222 222 307 222 335 460 522 252 472 460
222 222 460 472 222 457 307 457 472 335
222 222 222 365 335 252 460 222 365 290
222 222 222 365 365 222 252 522 472 307
222 222 335 307 290 252 522 335 252 222
222 222 460 472 222 307 335 457 522 365
222 222 365 252 335 335 460 335 472 472
222 222 457 522 252 222 457 522 335 252
222 222 472 460 472 457 222 365 222 307
222 222 290 252 472 307 222 222 460 307
222 222 522 365 457 252 290 252 335 335
222 222 335 472 457 222 472 472 222 335
222 222 460 222 365 365 222 252 472 472
222 222 222 457 472 472 460 365 252 457
222 222 457 222 522 222 307 365 365 472
222 222 222 252 335 290 290 307 472 222
222 222 522 472 222 472 522 335 365 460
222 222 222 222 472 222 365 290 460 365
222 222 290 457 460 335 252 252 472 335
222 222 335 472 307 335 365 290 522 522
222 222 290 290 457 290 335 335 522 472
222 222 307 222 222 335 222 290 365 472
222 222 307 307 522 290 472 335 472 222
222 222 335 472 522 472 290 522 457 307
222 222 457 472 307 222 472 472 222 472
222 222 457 522 522 335 460 365 335 472
222 222 222 290 335 252 460 307 335 522
222 222 460 252 222 457 522 472 472 460
222 222 307 252 252 335 472 460 222 522
222 222 335 290 307 222 222 307 472 222
222 222 222 290 472 252 290 252 335 335
222 222 365 222 457 290 222 290 252 522
222 222 290 460 335 460 522 335 457 365
222 222 307 335 290 222 457 335 222 522
222 222 460 472 472 522 307 457 307 457
222 222 307 472 252 472 522 522 460 307
222 222 335 290 365 522 472 365 472 222
222 222 335 222 222 222 222 222 457 335
222 222 222 457 472 522 365 222 290 252
222 222 460 457 472 307 290 472 457 252
222 222 472 290 222 335 457 307 365 222
222 222 290 307 365 307 365 222 457 472
222 222 457 472 222 222 457 222 460 222
222 222 365 290 307 290 222 460 252 365
222 222 222 460 472 222 335 252 335 472
222 222 472 252 222 222 472 472 460 365
222 222 222 472 460 307 522 472 252 222
222 222 460 222 522 460 460 522 307 290
222 222 335 222 457 460 472 222 457 460
222 222 222 252 222 460 335 522 335 460
222 222 222 522 290 222 472 522 472 457
222 222 522 290 472 307 252 307 472 472
222 222 472 290 335 290 252 522 472 472
222 222 252 472 222 222 222 252 252 290
222 222 335 365 290 307 290 365 472 307
222 222 522 457 522 460 307 307 472 290
222 222 290 335 307 457 252 460 252 222
222 222 365 522 472 472 307 335 290 522
222 222 307 457 222 460 222 222 457 307
222 222 222 522 472 460 222 252 290 290
222 222 522 222 335 365 472 252 472 522
222 222 522 522 522 252 335 290 522 222
222 222 522 222 290 252 290 460 365 472
222 222 365 460 472 457 307 290 222 335
222 222 472 290 457 472 222 472 335 522
222 222 252 222 460 290 222 290 335 222
222 222 522 457 222 472 522 335 460 222
222 222 222 335 457 472 290 252 472 365
222 222 335 472 522 252 522 472 222 307
222 222 472 335 460 290 307 460 472 472
222 222 365 472 222 522 472 522 335 222
222 222 307 472 522 472 307 472 252 460
222 222 307 472 472 522 222 457 335 222
222 222 222 457 222 365 252 460 335 290
222 222 290 460 222 365 335 307 522 307
222 222 460 222 290 222 460 457 290 307
222 222 290 222 472 222 222 472 222 222
222 222 472 252 290 472 307 365 472 252
222 222 457 472 222 252 335 222 222 252
222 222 290 472 335 335 307 222 252 522
222 222 307 290 307 252 335 472 472 222
222 222 365 472 457 222 222 460 290 290
222 222 335 222 365 307 472 335 222 472
222 222 472 335 457 522 457 222 222 307
222 222 335 222 222 222 252 252 335 472
222 222 522 472 222 457 290 472 222 365
222 222 222 307 472 222 472 307 307 290
222 222 460 307 290 252 457 222 460 365
222 222 222 522 290 472 222 222 290 472
222 222 222 457 222 252 307 252 222 222
222 222 222 222 457 522 472 460 472 252
222 222 290 365 472 522 472 252 290 472
222 222 472 290 290 335 222 460 365 472
222 222 222 522 222 222 365 472 252 457
222 222 335 222 472 335 472 457 222 335
222 222 365 472 222 365 252 335 472 252
222 222 457 335 472 522 222 222 460 222
222 222 522 365 472 472 472 457 222 335
222 222 472 252 472 460 222 472 222 472
222 222 472 472 365 472 335 365 222 522
222 222 365 365 307 222 307 522 252 307
222 222 457 457 457 222 335 222 522 522
222 222 222 222 457 365 222 365 222 457
222 222 460 472 290 222 522 290 335 472
222 222 222 460 222 252 522 365 522 457
222 222 457 460 252 222 522 222 457 307
222 222 222 290 222 307 472 522 365 307
222 222 335 290 522 222 460 365 222 472
222 222 222 335 365 457 365 290 290 290
222 222 522 365 335 365 335 460 472 472
222 222 472 472 222 472 222 222 252 472
222 222 365 222 222 472 290 472 457 522
222 222 365 522 472 522 460 222 222 365
222 222 290 252 252 222 457 290 460 472
222 222 307 335 457 365 335 335 460 472
222 222 290 457 457 365 307 222 252 222
222 222 307 307 222 335 307 335 222 222
222 222 365 335 460 365 335 460 222 290
222 222 222 222 252 252 222 460 307 222
222 222 365 472 335 307 460 522 222 472
222 222 222 335 522 252 252 472 252 335
222 222 335 252 222 472 335 222 307 252
222 222 460 365 290 472 222 472 252 472
222 222 307 222 222 290 472 335 522 252
222 222 335 307 522 222 472 290 222 335
222 222 460 335 457 457 290 365 472 457
222 222 472 222 307 290 290 365 365 522
222 222 290 460 252 290 335 222 307 472
222 222 222 335 307 252 222 307 457 222
222 222 522 307 365 472 335 522 472 222
222 222 290 460 335 222 222 252 307 290
222 222 460 522 365 460 457 290 457 460
222 222 335 472 222 335 460 457 460 365
222 222 222 335 460 222 222 252 252 290
222 222 290 290 222 365 290 335 307 252
222 222 222 222 307 307 365 307 222 252
222 222 222 365 222 460 522 222 472 460
222 222 222 335 307 222 252 290 222 222
222 222 335 335 222 365 335 222 460 472
222 222 222 522 222 290 457 522 335 307
222 222 460 365 365 457 457 252 222 472
222 222 290 460 307 335 472 290 365 222
222 222 252 472 222 457 335 335 222 290
222 222 457 222 522 307 460 365 222 522
222 222 335 222 522 252 335 290 472 472
222 222 460 290 335 472 307 307 222 222
222 222 472 222 335 460 222 365 335 290
222 222 335 522 290 222 252 472 472 290
222 222 460 522 290 365 365 460 222 457
222 222 222 252 365 307 365 365 522 472
222 222 222 222 222 222 290 457 472 472
222 222 335 222 460 335 307 222 472 252
222 222 222 252 222 472 290 522 472 307
222 222 290 307 252 472 472 307 307 460
222 222 522 252 472 222 290 460 457 457
222 222 307 365 457 365 222 472 222 222
222 222 335 472 222 457 522 307 252 457
222 222 290 222 460 365 222 335 222 460
222 222 252 472 335 472 522 472 335 457
222 222 457 472 335 290 472 222 460 335
222 222 222 252 290 222 307 222 222 252
222 222 472 457 335 307 457 252 222 335
222 222 307 460 290 460 307 460 522 472
222 222 522 222 365 222 290 222 307 252
222 222 522 222 365 290 472 335 252 522
222 222 460 522 290 472 222 460 222 335
222 222 335 522 472 457 252 365 222 222
222 222 365 222 457 457 365 460 460 307
222 222 365 365 457 472 472 472 460 290
222 222 222 460 457 222 222 335 222 290
222 222 472 472 460 290 472 335 365 522
222 222 290 290 460 472 222 460 290 472
222 222 222 522 472 335 222 222 472 335
222 222 457 252 335 290 307 335 460 290
222 222 290 222 472 472 335 252 365 222
222 222 252 457 307 365 307 307 472 335
222 222 290 290 222 307 472 222 222 472
222 222 365 290 290 252 365 472 252 457
222 222 460 290 522 460 335 472 522 472
222 222 290 522 252 460 290 222 335 522
222 222 222 457 460 472 472 222 457 335
222 222 222 307 222 365 472 335 290 472
222 222 222 222 252 307 472 365 335 457
222 222 522 457 460 307 335 252 472 307
222 222 222 222 252 222 365 222 222 307
222 222 365 522 222 457 222 457 472 335
222 222 457 460 252 457 365 307 222 307
222 222 365 457 222 222 252 472 472 307
222 222 290 472 522 472 252 222 472 222
222 222 290 222 222 472 365 365 522 252
222 222 222 222 335 472 522 222 307 307
222 222 522 457 472 290 522 365 472 222
222 222 222 365 472 365 307 522 222 222
222 222 457 307 290 460 460 222 365 222
222 222 472 307 457 222 472 252 222 460
222 222 307 307 472 252 522 290 472 472
222 222 222 290 472 472 307 472 472 222
222 222 222 522 222 365 252 522 252 335
222 222 472 522 222 335 460 222 307 472
222 222 472 252 290 457 335 460 222 252
222 222 290 252 307 460 307 472 457 365
222 222 307 472 335 222 222 252 365 460
222 222 307 307 522 472 365 307 252 252
222 222 335 222 472 252 252 457 222 460
222 222 222 290 457 222 252 222 307 522
222 222 522 472 252 252 222 460 222 222
222 222 222 222 252 522 222 222 222 307
222 222 472 290 290 222 457 472 335 472
222 222 307 472 222 222 335 460 252 290
222 222 307 365 222 222 365 472 307 222
222 222 222 307 252 252 222 472 460 222
222 222 290 290 457 365 335 222 457 222
222 222 522 222 472 472 222 522 222 290
222 222 307 522 290 472 252 222 472 307
222 222 222 472 222 290 307 222 222 222
222 222 222 522 457 472 472 222 290 472
222 222 460 472 222 335 335 460 290 460
222 222 472 472 307 335 472 365 222 472
222 222 460 222 222 335 307 472 472 290
222 222 460 457 222 252 472 472 365 222
222 222 222 460 522 522 252 472 222 335
222 222 365 252 222 472 222 222 365 460
222 222 457 222 222 222 222 457 457 365
222 222 472 460 460 522 472 460 472 457
222 222 335 335 460 307 365 307 290 472
222 222 222 222 457 460 522 222 222 472
222 222 472 222 457 522 472 457 252 222
222 222 457 472 460 307 307 472 457 472
222 222 472 472 252 335 335 307 472 290
222 222 335 290 460 460 222 472 252 522
222 222 472 252 222 522 335 335 290 460
222 222 307 290 307 252 307 290 472 222
222 222 457 307 307 252 522 307 307 457
222 222 472 290 290 222 222 335 222 460
222 222 472 222 290 365 222 222 222 307
222 222 222 365 307 365 365 522 460 222
222 222 222 222 457 472 290 290 335 335
222 222 460 222 307 307 222 335 457 472
222 222 222 472 472 252 222 222 457 222
222 222 335 335 290 472 335 472 290 290
222 222 460 252 290 335 365 335 335 457
222 222 472 522 222 522 335 335 307 460
222 222 222 457 457 472 307 472 365 290
222 222 222 252 307 472 222 365 307 365
222 222 222 307 222 222 222 457 472 365
222 222 307 457 307 472 472 290 222 472
222 222 335 472 222 460 457 252 307 252
222 222 335 460 472 290 457 365 307 290
222 222 365 307 472 457 460 365 222 365
222 222 522 472 457 222 222 522 290 222
222 222 222 472 460 335 522 252 472 457
222 222 457 365 307 472 522 252 222 335
222 222 222 460 222 472 365 457 460 472
222 222 522 252 472 222 457 307 252 460
222 222 290 335 335 222 472 307 460 335
222 222 290 222 460 472 457 222 252 522
222 222 335 457 222 335 222 222 335 222
222 222 307 472 222 222 472 290 307 472
222 222 457 472 460 460 222 522 522 222
222 222 307 290 457 222 290 460 460 222
222 222 222 222 335 335 472 472 472 222
222 222 472 290 222 472 222 222 335 222
222 222 222 472 290 290 460 307 472 460
222 222 460 222 222 252 307 307 307 307
222 222 307 222 365 472 222 365 307 307
222 222 460 222 222 335 522 290 460 307
222 222 457 472 290 222 472 460 460 290
222 222 460 460 365 460 307 335 365 472
222 222 457 307 290 222 472 457 307 290
222 222 222 365 457 307 460 290 252 222
222 222 307 472 307 365 307 522 307 457
222 222 472 457 290 472 457 522 472 335
222 222 335 307 222 252 365 222 472 457
222 222 290 472 290 472 365 222 522 307
222 222 335 335 460 472 307 222 222 307
222 222 472 222 290 222 335 472 307 472
222 222 522 307 252 335 335 472 290 522
222 222 222 335 522 472 222 365 457 460
222 222 307 335 472 460 222 222 252 222
222 222 365 472 222 365 222 307 365 222
222 222 522 252 222 222 457 222 222 472
222 222 472 365 522 472 365 222 222 290
222 222 472 457 365 307 252 290 472 472
222 222 472 460 472 252 472 290 222 252
222 222 252 307 222 460 472 290 457 222
222 222 252 522 252 472 460 335 222 457
222 222 222 222 290 472 457 222 335 307
222 222 307 460 222 307 457 222 222 472
222 222 472 472 522 365 252 365 457 222
222 222 290 222 365 290 307 222 460 222
222 222 472 522 222 472 457 335 460 472
222 222 290 307 472 365 222 290 472 222
222 222 307 307 457 472 460 335 252 460
222 222 460 460 335 472 472 522 307 222
222 222 307 307 365 472 522 222 460 457
222 222 307 335 460 222 460 472 222 472
222 222 472 472 335 460 460 472 222 290
222 222 307 472 335 472 222 222 222 335
222 222 307 222 252 335 457 335 222 222
222 222 222 252 222 365 252 290 335 472
222 222 365 252 290 307 222 290 335 290
222 222 222 460 365 472 335 307 460 472
222 222 307 365 252 460 472 522 222 307
222 222 365 335 290 365 222 460 335 522
222 222 222 522 307 222 472 457 365 252
222 222 252 472 222 307 522 460 222 522
222 222 335 472 335 460 457 335 252 252
222 222 252 335 222 222 522 222 307 522
222 222 222 457 222 472 222 252 460 460
222 222 365 222 222 457 460 290 472 472
222 222 335 365 365 365 365 472 472 335
222 222 522 222 307 460 472 365 472 222
222 222 222 365 222 290 472 472 252 460
222 222 457 472 222 457 290 472 460 290
222 222 222 222 457 290 472 522 365 222
222 222 522 222 222 365 522 290 472 222
222 222 222 222 290 222 472 472 222 460
222 222 472 307 307 365 307 472 460 252
222 222 335 472 222 457 222 457 222 472
222 222 222 335 335 222 472 252 457 522
222 222 222 522 457 252 335 222 335 222
222 222 522 472 222 457 335 222 335 222
222 222 522 290 457 222 335 472 335 222
222 222 522 307 472 335 457 290 335 457
222 222 222 457 457 335 252 472 252 290
222 222 252 307 307 457 365 460 460 290
222 222 290 307 460 457 472 472 365 222
222 222 472 290 457 307 522 365 252 457
222 222 222 335 472 460 222 222 252 222
222 222 222 307 222 365 472 472 290 222
222 222 290 460 472 222 290 252 307 365
222 222 335 457 522 365 472 222 472 365
222 222 460 222 252 472 472 252 460 522
222 222 460 522 252 457 472 365 365 460
222 222 290 522 365 472 335 460 365 522
222 222 307 252 222 222 460 472 335 290
222 222 307 365 290 222 307 365 290 252
222 222 472 457 365 222 222 365 335 365
222 222 290 522 522 460 472 290 522 365
222 222 457 460 307 472 252 290 290 457
222 222 307 472 460 472 365 365 457 222
222 222 290 222 472 307 335 472 307 307
222 222 222 522 457 307 522 522 460 472
222 222 472 222 522 222 252 222 472 222
222 222 460 222 472 335 222 472 222 460
222 222 472 365 252 222 522 222 522 252
222 222 472 222 222 460 335 457 472 460
222 222 472 222 460 457 252 307 472 472
222 222 472 472 307 472 460 252 472 457
222 222 290 222 472 472 252 290 365 365
222 222 522 472 335 335 472 222 457 307
222 222 365 290 222 522 522 457 252 307
222 222 335 522 222 222 460 522 472 472
222 222 460 307 222 222 307 290 457 290
222 222 222 457 222 290 307 522 472 252
222 222 222 472 365 222 307 252 460 307
222 222 472 472 222 335 522 522 307 457
222 222 460 252 460 222 472 472 222 222
222 222 365 335 307 472 222 457 457 222
222 222 460 222 335 335 365 365 460 472
222 222 307 290 335 460 365 472 460 222
222 222 222 252 307 290 290 472 522 222
222 222 457 460 460 472 307 252 365 222
222 222 365 472 522 472 472 472 522 307
222 222 365 472 460 222 252 222 472 307
222 222 365 222 472 365 457 472 222 222
222 222 472 290 307 222 222 252 335 522
222 222 222 472 472 365 457 457 472 522
222 222 307 460 290 365 472 460 335 290
222 222 365 335 460 365 472 222 252 290
222 222 335 252 252 457 472 252 472 457
222 222 222 307 460 222 472 252 290 472
222 222 307 222 252 252 457 472 222 335
222 222 460 307 222 222 222 307 335 290
222 222 472 460 472 472 252 522 222 307
222 222 222 522 222 290 460 522 290 457
222 222 522 457 335 335 335 252 252 472
222 222 457 222 457 222 472 365 222 222
222 222 307 522 307 335 222 222 335 472
222 222 335 307 460 522 522 365 472 307
222 222 457 222 222 222 365 472 460 222
222 222 222 460 472 365 472 472 222 252
222 222 252 222 522 335 290 522 522 335
222 222 222 457 460 252 307 222 307 307
222 222 290 290 307 365 522 252 365 522
222 222 460 335 222 307 472 252 290 460
222 222 522 335 222 307 472 222 335 472
222 222 222 222 472 307 222 472 335 290
222 222 457 252 252 222 252 460 472 252
222 222 522 472 460 222 460 460 222 307
222 222 472 290 522 472 222 472 522 222
222 222 472 460 460 252 307 222 307 222
222 222 222 457 222 290 222 472 460 522
222 222 252 472 522 335 222 222 222 335
222 222 365 290 472 522 472 472 460 222
222 222 472 252 457 457 222 472 472 460
222 222 290 222 457 472 222 472 222 222
222 222 222 365 472 472 222 222 252 472
222 222 290 460 457 472 307 365 252 365
222 222 290 307 335 222 335 290 222 365
222 222 252 290 472 365 290 307 222 472
222 222 457 335 472 252 335 222 472 222
222 222 307 472 472 472 290 222 365 457
222 222 252 460 457 522 222 290 457 472
222 222 460 457 522 457 222 290 222 457
222 222 365 222 290 522 222 222 290 252
222 222 222 460 290 457 307 335 307 472
222 222 522 290 290 522 365 457 472 472
222 222 222 457 335 290 472 472 222 222
222 222 522 222 252 460 222 307 472 472
222 222 222 472 290 335 522 335 222 460
222 222 460 365 457 222 472 472 472 457
222 222 365 522 222 290 252 460 457 222
222 222 307 222 252 460 307 335 457 335
222 222 472 472 335 460 222 252 522 365
222 222 222 307 222 365 307 290 335 365
222 222 307 290 222 222 457 222 460 365
222 222 457 252 457 335 290 460 222 222
222 222 335 290 222 222 252 252 222 222
222 222 307 460 307 290 365 457 472 457
222 222 365 307 522 290 307 335 472 307
222 222 460 252 365 472 522 472 460 335
222 222 460 290 472 522 222 365 222 365
222 222 290 307 472 252 335 222 522 460
222 222 460 460 335 472 460 472 222 222
222 222 472 522 222 335 460 252 472 335
222 222 472 522 307 522 335 335 290 522
222 222 222 335 457 222 335 252 472 457
222 222 472 222 457 335 222 457 335 335
222 222 222 335 472 222 252 472 290 290
222 222 472 290 522 472 522 222 222 252
222 222 365 335 335 222 290 335 252 472
222 222 460 472 290 222 290 307 222 222
222 222 460 335 472 365 252 252 222 472
222 222 252 522 335 252 365 252 457 472
222 222 222 472 290 472 222 222 222 365
222 222 472 472 252 252 290 222 335 460
222 222 460 472 335 472 252 307 307 335
222 222 472 222 222 472 252 290 522 307
222 222 252 222 522 522 222 252 307 460
222 222 335 365 252 457 290 457 472 365
222 222 457 252 460 222 222 460 290 472
222 222 472 307 222 460 457 335 365 222
222 222 472 460 365 472 290 290 472 460
222 222 307 290 335 252 335 252 222 290
222 222 252 222 457 222 365 457 460 365
222 222 460 522 307 222 222 365 222 522
222 222 460 460 252 222 472 252 365 335
222 222 457 335 365 365 252 335 290 335
222 222 307 307 460 222 460 252 365 472
222 222 252 472 252 472 460 290 222 335
222 222 460 290 472 290 522 222 522 472
222 222 335 365 222 457 222 335 222 252
222 222 460 307 222 522 222 222 472 460
222 222 472 222 290 472 457 222 457 307
222 222 472 222 460 307 252 457 472 522
222 222 365 365 472 222 472 290 252 365
222 222 335 457 522 290 252 460 222 460
222 222 335 290 472 472 460 472 307 522
